#x____y_____type__rank

202   -21   a     7
250   -21   b     6
298   -21   a     6
346   -21   b     7
394   -21   b     7

555   -21   a     7
603   -21   b     7
651   -21   b     7
699   -21   a     7
747   -21   b     7

908   -21   b     7
956   -21   a     7
1004  -21   b     7
1052  -21   a     7
1100  -21   b     7

1261  -21   b     7
1309  -21   b     7
1357  -21   a     7
1405  -21   b     7
1453  -21   a     7

1590  -21   b     7
1638  -21   a     7
1686  -21   e     7

202   3     d     7
226   3     a     6
274   3     b     4
322   3     b     6
370   3     a     7
418   3     e     7

555   3     d     4
579   3     a     6
627   3     b     5
675   3     a     6
723   3     b     6
771   3     e     7

908   3     d     7
932   3     b     6
980   3     b     6
1028  3     a     4
1076  3     a     7
1124  3     e     7

1285  3     b     6
1333  3     a     6
1381  3     a     5
1429  3     b     5

1614  3     b     4
1662  3     a     7

226   27    d     7
250   27    a     4
298   27    a     4
346   27    b     5
394   27    e     4

579   27    d     3
603   27    a     5
651   27    b     4
699   27    b     5
747   27    e     6

932   27    d     6
956   27    b     4
1004  27    b     3
1052  27    a     3
1100  27    e     6

1285  27    d     6
1309  27    a     5
1357  27    b     4
1405  27    a     5

1638  27    b     4
1686  27    e     7 

226   51    a     5
274   51    b     3
322   51    b     3
370   51    a     4

579   51    a     3
627   51    b     2
675   51    a     2
723   51    b     4

932   51    a     5
980   51    a     2
1028  51    b     2
1076  51    b     4

1285  51    b     4
1333  51    a     4
1381  51    a     4
1429  51    e     5

1638  51    d     5
1662  51    a     6

226   75    d     6
250   75    b     3
298   75    b     2
346   75    a     2

603   75    a     2
651   75    b     1
699   75    b     3

956   75    a     3
1004  75    b     1
1052  75    a     2

1309  75    b     3
1357  75    a     1
1405  75    b     4

1638  75    a     7

226   99    a     3
274   99    b     1
322   99    a     1
370   99    b     2
418   99    a     7

531   99    b     3
579   99    b     2
627   99    a     0
675   99    b     1
723   99    a     3
771   99    b     2

884   99    b     5
932   99    a     2
980   99    a     0
1028  99    b     0
1076  99    b     1
1124  99    a     7

1237  99    a     3
1285  99    b     2
1333  99    a     3
1381  99    a     3
1427  99    b     3
1477  99    a     6
1566  99    b     7

250   123   c     3
298   123   c     2
346   123   c     2
394   123   c     4

555   123   c     4
603   123   c     4
651   123   c     3
699   123   c     3
747   123   c     4

908   123   c     5
956   123   c     3
1004  123   c     3
1052  123   c     4
1100  123   c     4

1261  123   c     3
1309  123   c     3
1357  123   c     2
1405  123   c     5
1453  123   c     6
